4-30-2018-9:17:8162,501,8,0F950ED402A2029F
183,123,2,ABCD
189,490,3,900000
268,600,1,01
284,501,8,0F830ED402A602A3
301,601,4,00010000
380,123,2,ABCD
397,490,3,900000
493,490,3,900000
525,501,8,0F970ED002A402A4
541,200,1,48
572,123,2,ABCD
588,490,3,900000
636,501,8,0F890ECC02AA0292
700,490,3,900000
763,501,8,0FA80ED0029D0290
780,600,1,01
796,200,1,48
876,501,8,0F980ED002B202A2
893,490,3,900000
972,123,2,ABCD
988,490,3,900000
1004,501,8,0FE00ED002A2029E
1036,200,1,48
1100,490,3,900000
1117,501,8,0FA00EDC02A502A2
1179,123,2,ABCD
1195,490,3,900000
1243,501,8,0FB50ED602A3029C
1275,600,1,01
1291,200,1,48
1356,501,8,0F9F0ED002AC0298
1372,123,2,ABCD
1387,490,3,900000
1483,501,8,0FA20ED002A9029F
1500,490,3,900000
1548,200,1,48
1580,123,2,ABCD
1595,490,3,900000
1691,490,3,900000
1723,501,8,0F950ED002A0029A
1771,600,1,01
1787,200,1,48
1835,501,8,0F990ED002A502AB
1898,490,3,900000
1963,501,8,0F980ED002A502A2
1979,123,2,ABCD
1996,490,3,900000
2043,200,1,48
2075,501,8,0F980ED402A202A2
2091,490,3,900000
2171,123,2,ABCD
2187,490,3,900000
2203,501,8,0F910ED002A502A2
2266,600,1,01
2299,200,1,48
2314,501,8,0F940ED402A9029B
2378,123,2,ABCD
2395,490,3,900000
2443,501,8,0F980ED002A702A4
2491,490,3,900000
2538,200,1,48
2555,501,8,0F980ED002A2029F
2571,123,2,ABCD
2588,490,3,900000
2682,501,8,0F960ED002A902A3
2698,490,3,900000
2778,600,1,01
2806,200,1,48
2885,490,3,900000
2917,501,8,0F950ED002A802A4
2981,123,2,ABCD
2997,490,3,900000
3045,501,8,0F930ED002A502BA
3093,490,3,900000
3157,501,8,0F700ED002A502A3
3172,123,2,ABCD
3188,490,3,900000
3270,600,1,01
3285,200,1,48
3301,490,3,900000
3380,123,2,ABCD
3396,490,3,900000
3492,490,3,900000
3508,501,8,0FA00ED002AF02AC
3540,200,1,48
3572,123,2,ABCD
3588,490,3,900000
3636,501,8,0F980ED002A402A2
3700,490,3,900000
3764,501,8,0F960ED002A7029E
3779,123,2,ABCD
3796,200,1,48
3875,501,8,0F9A0ED002A502A8
3891,490,3,900000
3972,123,2,ABCD
3987,490,3,900000
4003,501,8,0F940ED002A602A3
4035,200,1,48
4100,490,3,900000
4116,501,8,0F900ED4029D02A0
4179,123,2,ABCD
4195,490,3,900000
4243,501,8,0F9B0ED402A302A8
4276,600,1,01
4291,200,1,48
4355,501,8,0F990ED0029F0290
4372,123,2,ABCD
4387,490,3,900000
4484,ED4,0,2B
4499,490,3,900000
4547,200,1,48
4579,123,2,ABCD
4594,490,3,900000
4693,490,3,900000
4723,501,8,0F940ED602A502A8
4771,600,1,01
4787,200,1,48
4835,501,8,0FA00ED402A602A2
4898,490,3,900000
4962,501,8,0F950ED002A602A2
4979,123,2,ABCD
4994,490,3,900000
5042,200,1,48
5075,501,8,0F940EC7028202A0
5091,490,3,900000
5170,123,2,ABCD
5186,490,3,900000
5267,600,1,01
5300,200,1,48
5316,501,8,0FA50ED002A1029B
5378,123,2,ABCD
5394,490,3,900000
5442,501,8,0F9A0ED402A102A3
5490,490,3,900000
5538,200,1,48
5555,501,8,0FA20EC702A402A3
5570,123,2,ABCD
5586,490,3,900000
5682,501,8,0F990ED002A5029C
5698,490,3,900000
5778,600,1,01
5802,200,1,48
5899,490,3,900000
5914,501,8,0F920ED002A302A2
5978,123,2,ABCD
5993,490,3,900000
6041,F9B,0,ED
6090,490,3,900000
6153,501,8,0F9F0ED402A3029A
6169,123,2,ABCD
6186,490,3,900000
6265,600,1,01
6282,501,8,0F970ED002A202A9
6298,200,1,48
6377,123,2,ABCD
6394,490,3,900000
6489,490,3,900000
6521,501,8,0F950ED402A102A4
6537,200,1,48
6569,123,2,ABCD
6585,490,3,900000
6633,501,8,0F950ED002A402A4
6696,490,3,900000
6760,501,8,0F960ED402A802A0
6777,600,1,01
6793,200,1,48
6873,501,8,0FA00ED002AA02A3
6889,490,3,900000
6968,123,2,ABCD
6984,490,3,900000
7000,501,8,0F950ED4028D029E
7047,200,1,48
7095,490,3,900000
7112,501,8,0F900ED002A9029F
7176,123,2,ABCD
7192,490,3,900000
7240,501,8,0F520ED002AA02A2
7277,600,1,01
7288,200,1,48
7351,501,8,0F950ED402A6029F
7367,123,2,ABCD
7384,490,3,900000
7480,501,8,0FA00ED002A102A2
7496,490,3,900000
7544,200,1,48
7575,123,2,ABCD
7592,490,3,900000
7688,490,3,900000
7719,501,8,0F990ED402A80292
7767,600,1,01
7783,200,1,48
7800,t21,0,39
7836,501,8,0F940ED002A802A0
7895,490,3,900000
7958,501,8,0F9B0ED3029B02B3
7975,123,2,ABCD
7991,490,3,900000
8039,200,1,48
8070,501,8,0F930ED4029C02A8
8087,490,3,900000
8166,123,2,ABCD
8198,490,3,900000
8262,600,1,01
8293,200,1,48
8310,501,8,0F950ED202A602A3
8374,123,2,ABCD
8390,490,3,900000
8438,501,8,0F980ED002AC0295
8486,490,3,900000
8534,200,1,48
8550,501,8,0F990ED102A202A2
8566,123,2,ABCD
8598,490,3,900000
8678,501,8,0F9F0ED002A402A2
8694,490,3,900000
8774,600,1,01
8800,200,1,48
8896,490,3,900000
8911,501,8,0F990ED002A6029C
8975,123,2,ABCD
8992,490,3,900000
9023,501,8,0F960ED002A9029D
9040,200,1,48
9087,490,3,900000
9152,501,8,0F9A0ED002A902A4
9167,123,2,ABCD
9183,490,3,900000
9262,600,1,01
9295,200,1,48
9376,123,2,ABCD
9391,501,8,0FA00ED0029C029A
9487,490,3,900000
9503,501,8,0F9C0EC502A20298
9534,200,1,48
9566,123,2,ABCD
9582,490,3,900000
9630,501,8,0F9A0ED002A602A6
9694,490,3,900000
9742,501,8,0F980ED002A602A6
9774,600,1,01
9790,200,1,48
9870,501,8,0F950ED402A9029B
9886,490,3,900000
9967,123,2,ABCD
9982,501,8,0F980ED002A602A0
9998,210,3,900000
10046,200,1,48
10094,490,3,900000
10110,501,8,0FA00ED402A202AA
10173,123,2,ABCD
10190,490,3,900000
10222,501,8,0F960ED002A102A0
10270,600,1,01
10285,200,1,48
10351,501,8,0F900ED002A1029E
10367,123,2,ABCD
10398,490,3,900000
10462,501,8,0F980ED002A402A2
10493,490,3,900000
10541,200,1,48
10574,123,2,ABCD
10589,501,8,0F980ED202AC02A0
10686,490,3,900000
10701,501,8,0F900ED002A3029C
10765,600,1,01
10782,200,1,48
10830,501,8,0F920EC402A3029C
10894,490,3,900000
10942,501,8,0F950ED402B802A0
10973,123,2,ABCD
10990,490,3,900000
11038,200,1,48
11069,501,8,0F9A0ED002AE029A
11085,490,3,900000
11165,123,2,ABCD
11181,501,8,0FA00ED002A102A2
11260,600,1,01
11293,200,1,48
11309,501,8,0F900ED002A102A4
11373,123,2,ABCD
11389,490,3,900000
11421,501,8,0F990ED002A902B0
11485,490,3,900000
11533,200,1,48
11549,501,8,0F970ECD02A402A6
11565,123,2,ABCD
11597,490,3,900000
11661,501,8,0F9A0ED402A002A3
11693,490,3,900000
11772,123,2,ABCD
11797,501,8,0F930ED002A3029E
11893,490,3,900000
11909,501,8,0FA20ED002A802A0
11974,123,2,ABCD
11989,490,3,900000
12022,501,8,0F910ED0029F02A4
12038,200,1,48
12086,490,3,900000
12149,501,8,0F910ED002A6029E
12165,123,2,ABCD
12182,490,3,900000
12261,501,8,0F900ED002A002A4
12292,200,1,48
12373,123,2,ABCD
12389,501,8,0F960EE002A702A0
12485,490,3,900000
12500,501,8,0F950ED002A502A2
12533,200,1,48
12564,123,2,ABCD
12581,490,3,900000
12629,501,8,0F900ED002A40298
12693,490,3,900000
12741,501,8,0F940ED402A902A1
12772,123,2,ABCD
12789,200,1,48
12869,501,8,0F950EC6029602A3
12885,490,3,900000
12964,123,2,ABCD
12982,501,8,0F900ED0029F02A4
12997,100,0,0
13044,200,1,48
13092,490,3,900000
13108,501,8,0F980ED002AA02A2
13172,123,2,ABCD
13188,490,3,900000
13220,501,8,0F930ECC02B002A2
13268,600,1,01
13284,200,1,48
13348,501,8,0F950ED002A102A0
13363,123,2,ABCD
13396,490,3,900000
13459,501,8,0F950ED002A002A8
13492,490,3,900000
13540,200,1,48
13571,123,2,ABCD
13588,501,8,0F980ED0028602A4
13683,490,3,900000
13700,501,8,0F980ED002A602A3
13763,123,2,ABCD
13795,200,1,48
13827,501,8,0F950ED402A0029F
13891,490,3,900000
13939,501,8,0F960ED002A9029B
13970,123,2,ABCD
13987,490,3,900000
14035,200,1,48
14066,501,8,0FAC0ED002A702A8
14083,490,3,900000
14162,123,2,ABCD
14178,501,8,0F980ED0029F029F
14195,490,3,900000
14258,600,1,01
14291,200,1,48
14306,501,8,0FA00EE0028A029E
14370,123,2,ABCD
14386,490,3,900000
14418,501,8,0F940ED002A4029C
14482,490,3,900000
14531,200,1,48
14546,501,8,0F960ED0029F02A5
14561,123,2,ABCD
14594,490,3,900000
14658,501,8,0F950ED002A5029F
14690,490,3,900000
14769,123,2,ABCD
14797,501,8,0F940ED002AC0298
14893,490,3,900000
14908,501,8,0F9A0ED002A302A4
14957,123,2,ABCD
14989,490,3,900000
15020,501,8,0F920ED002A502A3
15036,200,1,48
15084,490,3,900000
15149,501,8,0F980ED002A102A3
15164,123,2,ABCD
15180,490,3,900000
15259,501,8,0F960ED0029F02A3
15292,200,1,48
15356,123,2,ABCD
15388,501,8,0F9D0ED002A402A4
15484,490,3,900000
15500,501,8,0F950ED002A802A6
15532,200,1,48
15563,123,2,ABCD
15596,490,3,900000
15627,501,8,0F9A0EE4029C02A6
15694,490,3,900000
15740,501,8,0F9A0ED002A402A4
15764,123,2,ABCD
15773,600,1,01
15787,200,1,48
15869,501,8,0F960ED402A002A0
15889,490,3,900000
15965,123,2,ABCD
15979,501,8,0F990ED402A9028B
15995,490,3,900000
16043,200,1,48
16091,490,3,900000
16107,501,8,0FA00ED002A102A4
16155,123,2,ABCD
16187,490,3,900000
16218,501,8,0FA80ED002A102A6
16266,600,1,01
16282,200,1,48
16347,501,8,0F9F0ED002A802A6
16362,123,2,ABCD
16394,490,3,900000
16458,501,8,0F5E0ED002A902A4
16490,490,3,900000
16538,200,1,48
16554,123,2,ABCD
16586,501,8,0F930ED002A602A8
16682,490,3,900000
16698,501,8,0F500ED402A502A0
16761,123,2,ABCD
16794,200,1,48
16825,501,8,0F990EC40280029F
16890,490,3,900000
16938,501,8,0F940ECC02AA02A4
16954,123,2,ABCD
16985,490,3,900000
17033,200,1,48
17065,501,8,0F950EBE029102A3
17081,490,3,900000
17162,123,2,ABCD
17177,501,8,0F970ED002A202A7
17193,490,3,900000
17257,600,1,01
17289,200,1,48
17307,501,8,0F900ED002A302A6
17353,123,2,ABCD
17385,490,3,900000
17418,501,8,0F950ED402A502A3
17480,490,3,900000
17545,200,1,48
17561,123,2,ABCD
17593,490,3,900000
17657,501,8,0F9E0ED002A3029B
17688,490,3,900000
17753,123,2,ABCD
17769,600,1,01
17796,501,8,0F9F0ED002AA029E
17891,490,3,900000
17908,501,8,0F9A0ED002A402BB
17956,123,2,ABCD
17987,490,3,900000
18020,501,8,0F980ED002A102A6
18035,200,1,48
18083,490,3,900000
18147,501,8,0F960ED002A902A6
18163,123,2,ABCD
18180,490,3,900000
18259,501,8,0F9A0ED002A902A3
18291,200,1,48
18355,123,2,ABCD
18386,501,8,0F940ED402A1029F
18484,490,3,900000
18498,501,8,0F930EC502A102A2
18531,200,1,48
18563,123,2,ABCD
18579,490,3,900000
18627,501,8,0FB50ED002A102A4
18690,490,3,900000
18738,501,8,0F930ED002A302A0
18754,123,2,ABCD
18771,600,1,01
18787,200,1,48
18867,501,8,0F9C0ECC02A3029B
18888,490,3,900000
18965,123,2,ABCD
18978,501,8,0FA10ED402A7029D
18994,490,3,900000
19043,200,1,48
19091,490,3,900000
19106,501,8,0F940ED402A8029C
19154,123,2,ABCD
19186,490,3,900000
19218,501,8,0F960ED402A9029F
19266,600,1,01
19285,200,1,48
19348,501,8,0FA30ED002A2029F
19361,123,2,ABCD
19394,490,3,900000
19457,501,8,0F930ED402A202A2
19490,490,3,900000
19538,200,1,48
19554,123,2,ABCD
19586,501,8,0F900ED502A902A2
19681,490,3,900000
19698,501,8,0F960ECC028302A2
19761,123,2,ABCD
19794,200,1,48
19825,501,8,0FA30ED002A602AC
19889,490,3,900000
19937,501,8,0F950ECC029F02A2
19954,123,2,ABCD
19985,490,3,900000
20033,200,1,48
20064,501,8,0F980ED002A602A6
20081,490,3,900000
20162,123,2,ABCD
20177,501,8,0F7A0ED402A2029E
20193,490,3,900000
20257,600,1,01
20289,200,1,48
20308,501,8,0F9C0ED40297029B
20353,123,2,ABCD
20385,490,3,900000
20418,501,8,0FA80ED002AC02A0
20480,490,3,900000
20528,200,1,48
20544,501,8,0F7A0EC602A502A8
20561,123,2,ABCD
20592,490,3,900000
20657,501,8,0F910ED402A2029A
20688,490,3,900000
20752,123,2,ABCD
20769,600,1,01
20794,501,8,0F9A0ECC02AC02A6
20890,490,3,900000
20954,123,2,ABCD
20985,490,3,900000
21018,501,8,0FA00EC702A002A4
21035,200,1,48
21082,490,3,900000
21130,501,8,0F9F0ED002BA02A8
21162,123,2,ABCD
21178,490,3,900000
21258,501,8,0F980ED002A002A2
21289,200,1,48
21353,123,2,ABCD
21370,501,8,0F950ED002B0028E
21385,490,3,900000
21482,490,3,900000
21497,501,8,0F930ECC02C402A2
21530,200,1,48
21561,123,2,ABCD
21578,490,3,900000
21609,501,8,0F950ECC02A302A4
21690,490,3,900000
21738,501,8,0F980ED002A202A3
21753,123,2,ABCD
21769,600,1,01
21786,200,1,48
21849,501,8,0F9D0ECC029D02A3
21881,490,3,900000
21961,123,2,ABCD
21977,501,8,0F980ED002A1029A
22041,200,1,48
22089,490,3,900000
22152,123,2,ABCD
22186,490,3,900000
22216,501,8,0FA00EC4027D02A4
22264,600,1,01
22281,200,1,48
22328,501,8,0FC00ED002A402A0
22360,123,2,ABCD
22376,490,3,900000
22457,501,8,0F940ED002A702A3
22488,490,3,900000
22536,200,1,48
22553,123,2,ABCD
22568,501,8,0FA00ED002A4029B
22584,490,3,900000
22680,490,3,900000
22696,501,8,0F940ED402A402A2
22760,123,2,ABCD
22792,001,4,8
22807,501,8,0F980ED002A202A2
22888,490,3,900000
22936,501,8,0F940ED002A602A0
22952,123,2,ABCD
22984,490,3,900000
23032,200,1,48
23048,501,8,0F990ED002A402A4
23079,490,3,900000
23159,123,2,ABCD
23175,501,8,0F980ED002AA029C
23191,490,3,900000
23254,600,1,01
23302,200,1,48
23351,123,2,ABCD
23383,490,3,900000
23414,501,8,0F980ED002A702A4
23477,490,3,900000
23542,501,8,0F990ECC02A802A5
23558,123,2,ABCD
23591,490,3,900000
23654,501,8,0FB00ED202A402A2
23685,490,3,900000
23750,123,2,ABCD
23766,600,1,01
23781,200,1,48
23877,490,3,900000
23893,501,8,0F980EBC02C102A3
23957,123,2,ABCD
23989,490,3,900000
24005,501,8,0F940ED002A4029F
24037,200,1,48
24085,490,3,900000
24133,501,8,0F960ED002A902A9
24149,123,2,ABCD
24180,